3.04967
-0.099642
2.59977
0.793437
3.33668
-0.540495
2.86468
0.341102
4.92074
-2.581
5.16512
-1.61132
4.77102
-3.23607
5.05054
-2.27593
-0.0990831
-4.91059
0.556846
-5.66541
-1.12072
-3.08066
-0.555509
-3.90561
-2.00128
0.0932469
-2.88548
-0.37387
-1.58658
0.269281
-2.47079
-0.197815
2.49941
1.24862
1.58
1.64191
2.50654
1.38952
1.60554
1.82334
3.08629
4.78577
2.16674
5.17875
3.17252
4.5753
2.27241
5.01096
3.28509
3.74237
2.50637
4.36975
3.35369
4.26488
2.57478
4.89202
2.71731
1.07179
2.0157
1.78436
2.78637
0.191617
2.08507
0.904482
2.93442
0.661957
2.32794
1.45705
2.52509
1.35851
1.91922
2.15407
